 0 372 560 370 751 329 519 398 763 769 532 806 522 562 874 487 605 722 906 467 713 774 582 692 607 691 817 769 787 878 860 871 756 850 875 534 826 868 846 860 871 884 867 879 805 876 858 876 887 894 855 878 878 882 889 876 798 872 574 783 871 587 567 824 573 870 881 854 771 830 678 746 893 785 757 731 865 777 872 737 876 697 875 910 673 684 783 877 706 708 856 912 897 739 914 914 931 747 757 989 766 862 911 797 974 967 996 997 872 1042 828 1049 893 897 1071 1069 1085 1047 978 1148 1129 1037 1209 1219 991 993 988 1214 1173 1007 1153 1033 1209 1044 1198 1190 1083 1108 1120 1097 1155 1110 1257 1159 1119 1135 1200 1262 1141 1178 1236 1199 1195 1186 1264 1163 1211 1281 1280 1346 1223 1307 1232 1238 1296 1356 1328 1332 1284 1361 1378 1314 1326 1325 1335 1319 1365 1380 1335 1391 1384 1349 1368 1383 1428 1370 1389 1419 1419 1414 1428 1435 1459 1427
 372 0 195 150 412 305 279 337 457 463 363 510 402 403 569 429 419 487 609 609 485 523 467 490 475 491 555 530 541 604 591 599 532 589 607 563 576 604 590 599 609 618 607 615 570 614 603 615 622 628 603 618 618 621 626 619 574 617 579 572 623 591 645 601 714 629 637 622 584 617 582 587 654 612 609 610 655 624 672 642 676 661 685 702 782 795 674 702 731 750 708 735 735 772 744 749 757 822 776 788 777 752 779 809 804 806 821 822 803 853 847 861 829 859 891 897 918 905 909 971 962 938 1013 1023 971 971 986 1032 1020 1035 1016 1025 1049 1034 1048 1053 1060 1061 1066 1081 1071 1083 1110 1089 1106 1105 1102 1122 1117 1109 1122 1115 1122 1124 1143 1161 1145 1176 1183 1211 1200 1201 1207 1205 1210 1239 1230 1244 1256 1264 1272 1278 1275 1276 1275 1299 1292 1294 1294 1300 1309 1322 1319 1318 1328 1326 1342 1350 1358 1365 1365 1374 1377 1395
 560 195 0 233 229 400 236 398 299 304 343 354 404 377 401 460 369 384 445 703 388 400 454 411 450 413 421 417 420 456 449 454 430 453 464 612 448 464 457 462 470 475 470 474 455 475 469 477 481 485 472 480 480 482 485 482 466 482 614 474 493 623 706 490 796 504 508 504 501 511 558 523 527 535 548 567 549 560 570 611 574 661 590 593 844 857 631 614 756 781 637 643 652 797 656 664 665 864 794 676 791 700 710 820 712 719 723 724 770 745 859 753 796 839 787 798 820 823 868 864 862 879 894 903 954 952 977 920 925 1039 931 1010 949 1019 954 966 1036 1023 1025 1059 1014 1057 1014 1038 1085 1076 1035 1031 1090 1058 1045 1054 1068 1076 1061 1143 1094 1103 1113 1119 1170 1125 1175 1169 1145 1156 1158 1177 1222 1191 1195 1238 1227 1228 1222 1268 1231 1227 1250 1230 1247 1286 1270 1262 1251 1281 1294 1290 1302 1316 1308 1318 1310 1354
 370 150 233 0 385 172 161 190 394 400 222 439 254 262 506 279 286 377 540 481 371 422 320 365 331 366 461 423 438 518 502 512 418 496 517 417 476 512 494 505 516 527 513 523 462 521 506 521 531 538 504 524 524 528 534 524 461 520 431 453 522 442 503 488 580 525 534 514 457 500 435 452 550 481 471 467 538 488 551 496 555 511 561 585 641 654 531 574 582 601 573 607 603 623 615 619 629 676 627 669 627 610 641 659 676 676 695 695 656 731 697 739 682 710 767 771 791 771 763 847 835 796 896 905 822 821 836 910 890 885 882 875 921 885 917 919 911 913 919 931 928 935 979 944 956 957 961 990 968 964 984 972 977 979 1006 1011 1000 1037 1042 1078 1051 1062 1058 1057 1068 1102 1090 1102 1108 1123 1134 1130 1129 1129 1129 1151 1148 1152 1147 1159 1166 1174 1172 1174 1188 1179 1195 1206 1213 1219 1220 1230 1235 1248
 751 412 229 385 0 510 276 477 109 111 354 155 418 368 181 494 331 265 226 773 277 247 438 321 420 324 245 274 265 257 258 258 301 269 270 640 278 275 278 276 280 281 283 282 301 285 288 288 288 289 293 290 291 292 292 295 321 298 625 342 314 631 738 338 845 329 329 338 386 363 509 429 348 422 455 493 395 459 420 545 422 627 445 431 866 878 547 476 741 772 518 497 517 779 515 525 518 861 768 505 760 599 589 784 561 573 566 566 686 574 821 582 711 765 619 633 657 677 768 689 695 757 706 714 876 873 908 739 762 983 777 934 779 940 789 809 948 920 918 972 887 963 847 918 997 978 897 868 995 937 897 923 943 959 907 1057 972 956 970 953 1069 976 1072 1062 1006 998 1012 1036 1114 1043 1042 1124 1105 1107 1095 1162 1095 1084 1132 1084 1110 1175 1146 1129 1098 1159 1170 1153 1169 1190 1174 1185 1164 1235
 329 305 400 172 510 0 237 69 486 491 211 518 193 237 589 166 282 408 614 309 396 464 253 369 278 368 509 454 474 574 553 566 436 540 567 266 513 558 534 549 561 574 555 569 487 565 545 564 576 584 541 567 566 570 578 564 477 558 291 459 555 304 342 503 410 552 563 534 444 506 355 417 574 456 428 404 539 448 544 416 548 396 546 584 478 490 460 548 442 456 528 583 569 481 585 585 602 522 491 661 494 540 585 527 645 639 667 668 563 713 563 720 586 602 742 740 757 721 671 820 801 721 880 890 707 708 714 885 847 751 829 756 882 766 872 866 799 812 821 817 845 824 932 854 840 848 886 938 857 874 918 890 890 885 944 891 909 965 967 1023 940 991 948 950 987 1038 1015 1023 1000 1049 1063 1026 1031 1031 1036 1039 1061 1072 1045 1081 1080 1066 1074 1083 1116 1079 1096 1117 1121 1121 1129 1137 1153 1142
 519 279 236 161 276 237 0 201 251 257 107 289 169 142 359 234 143 216 388 503 211 261 218 211 216 212 301 262 276 360 343 354 258 335 358 386 314 352 333 345 356 367 352 363 301 361 345 361 371 378 343 364 363 367 374 363 301 359 383 295 361 391 483 328 583 364 373 353 305 341 325 310 388 333 333 341 380 347 395 380 398 425 407 427 619 631 406 423 521 547 430 456 456 562 465 470 478 632 558 512 555 481 502 584 525 527 542 543 542 576 623 583 568 607 613 618 639 627 644 693 684 665 738 748 722 720 743 755 741 804 737 778 770 787 768 774 807 799 802 829 799 828 830 820 854 848 827 843 861 840 845 842 852 857 864 912 876 900 907 932 943 924 948 944 936 961 954 970 996 988 995 1015 1008 1009 1006 1041 1019 1020 1029 1025 1037 1061 1051 1048 1051 1061 1075 1078 1087 1098 1094 1104 1103 1132
 398 337 398 190 477 69 201 0 440 446 151 468 125 172 539 102 219 347 560 307 335 405 184 305 208 303 450 393 414 516 494 508 373 481 508 226 452 498 474 490 501 515 495 509 424 505 485 504 516 525 479 506 506 510 518 503 413 497 243 393 492 255 313 438 398 489 500 469 376 440 288 348 510 388 359 336 472 379 477 349 481 337 478 516 452 465 392 479 395 413 459 514 500 435 516 516 533 486 442 592 444 472 517 476 576 570 598 599 499 644 514 651 523 542 673 671 688 653 607 750 732 655 811 821 649 650 659 816 778 702 760 700 813 710 803 798 741 751 760 760 780 766 863 790 783 789 820 870 799 810 851 825 826 822 877 836 846 899 901 955 882 925 890 891 922 971 949 957 941 983 997 966 970 970 974 981 997 1007 985 1016 1016 1007 1013 1020 1049 1018 1035 1054 1058 1060 1066 1075 1089 1083
 763 457 299 394 109 486 251 440 0 6 299 55 358 302 113 436 258 165 151 719 179 139 364 227 341 231 137 168 157 158 155 157 196 164 168 572 170 171 171 171 177 180 179 180 193 182 181 184 186 189 187 187 187 189 190 191 213 193 552 235 207 556 668 229 781 222 223 230 281 255 418 328 242 317 354 395 286 356 312 448 314 538 336 322 790 802 446 368 656 688 411 388 408 692 406 416 409 778 678 399 669 494 481 692 452 464 458 458 583 468 728 476 608 663 512 526 550 569 662 584 588 649 605 613 773 769 807 635 655 883 669 830 673 837 682 702 842 813 810 867 779 858 741 810 892 872 788 761 889 828 789 815 835 850 799 952 864 847 862 847 962 868 965 954 898 891 904 927 1007 935 934 1015 997 998 986 1054 987 975 1024 976 1001 1067 1037 1021 990 1051 1061 1044 1060 1081 1065 1076 1056 1127
 769 463 304 400 111 491 257 446 6 0 304 50 362 307 107 440 262 167 146 723 181 139 368 229 344 233 135 167 156 154 151 153 197 160 164 576 168 168 168 168 173 176 175 176 192 178 178 180 182 184 184 183 184 185 186 188 212 189 555 235 204 559 672 228 785 219 220 228 282 253 421 329 239 317 354 397 284 356 310 450 312 540 335 320 794 805 447 367 659 691 411 387 407 694 404 415 407 780 680 396 671 494 481 694 450 462 455 455 584 465 729 473 608 664 509 524 547 567 662 581 585 648 601 609 774 770 807 632 652 884 667 831 670 837 680 699 842 812 809 867 777 857 738 809 892 872 786 758 889 827 787 813 833 849 796 952 862 845 860 844 961 866 964 954 896 888 901 925 1006 933 931 1014 995 997 984 1054 985 973 1023 974 999 1066 1036 1019 988 1049 1060 1042 1058 1079 1063 1074 1054 1126
 532 363 343 222 354 211 107 151 299 304 0 321 66 40 391 140 73 197 411 421 185 254 111 160 113 159 300 243 264 365 343 357 225 330 357 288 302 348 324 339 351 364 345 359 276 354 335 354 366 374 330 356 355 360 368 353 267 347 280 251 344 287 386 293 492 341 352 324 244 299 222 231 363 263 250 247 334 267 343 280 346 318 349 380 519 531 311 357 414 441 351 391 384 455 397 400 413 527 451 461 447 389 419 477 458 456 478 479 442 519 516 526 468 504 552 553 573 550 547 631 618 576 685 695 618 617 638 696 670 697 661 673 702 682 697 698 704 700 705 726 708 726 759 726 751 747 740 769 760 746 762 752 759 762 784 808 782 815 821 857 842 840 848 845 847 880 869 882 897 902 912 917 913 913 912 941 929 932 932 938 946 962 956 955 967 964 979 986 995 1003 1002 1011 1015 1034
 806 510 354 439 155 518 289 468 55 50 321 0 374 317 71 452 269 156 101 733 171 113 371 220 345 224 95 143 126 104 103 104 175 115 115 580 128 120 124 121 125 127 128 128 158 130 133 133 133 135 139 135 136 137 138 140 181 143 556 207 159 558 674 192 789 175 174 187 257 218 410 309 193 291 333 380 245 333 272 433 274 530 298 278 791 802 425 331 650 683 379 348 371 684 367 377 368 772 668 351 658 466 447 679 409 423 413 413 558 419 713 427 582 639 464 479 503 526 631 534 540 612 552 560 747 743 782 584 607 861 624 804 624 810 634 655 812 779 775 837 739 826 692 772 862 839 746 713 857 790 744 774 796 813 753 922 825 803 818 798 928 823 930 919 855 844 859 884 971 890 887 978 957 959 945 1019 944 931 985 931 958 1029 997 979 944 1011 1021 1001 1018 1040 1023 1034 1011 1088
 522 402 404 254 418 193 169 125 358 362 66 374 0 57 443 78 107 236 459 361 222 295 67 186 85 183 341 278 301 407 384 398 255 368 397 223 338 386 360 377 388 402 381 396 307 391 370 390 403 412 364 392 391 396 404 388 293 382 214 271 375 222 321 317 427 369 381 349 251 317 181 224 390 263 237 219 348 256 352 242 356 263 353 392 453 465 281 355 352 378 338 389 377 393 392 393 409 462 391 467 388 361 399 419 452 448 475 476 402 520 458 527 427 457 549 548 565 534 509 627 610 546 687 697 570 569 587 693 658 641 643 624 692 633 684 681 658 659 665 679 676 681 745 691 704 703 712 752 715 711 739 720 725 725 763 759 747 789 793 839 798 815 804 803 817 858 842 852 854 875 887 876 875 875 876 897 896 902 893 910 914 920 918 921 941 925 941 953 960 965 967 976 984 993
 562 403 377 262 368 237 142 172 302 307 40 317 57 0 386 135 50 180 401 417 166 239 77 133 74 132 284 223 245 350 328 341 202 312 341 272 283 330 305 321 333 347 326 341 253 336 315 335 348 356 309 337 336 341 349 333 241 327 258 222 321 264 370 266 480 317 329 298 209 269 183 193 338 227 210 206 303 228 309 241 313 284 314 348 499 511 271 320 385 414 312 355 346 425 360 362 376 501 420 427 415 349 379 444 421 418 441 442 403 483 483 491 429 465 515 516 535 511 507 594 580 535 650 660 580 579 601 659 632 662 621 636 664 645 658 659 666 660 665 688 668 687 720 686 713 708 700 729 721 706 722 711 719 722 744 770 742 775 781 817 803 800 809 805 807 840 828 841 857 862 872 877 873 873 872 902 888 891 892 898 906 923 916 915 927 924 939 946 954 963 961 971 974 994
 874 569 401 506 181 589 359 539 113 107 391 71 443 386 0 521 338 217 45 801 233 165 436 281 409 285 130 193 172 97 112 103 226 132 116 645 158 127 144 133 131 124 137 129 196 134 148 137 131 128 157 139 140 138 135 146 221 152 619 251 171 621 738 224 853 189 184 209 302 249 466 358 201 334 380 430 268 376 294 483 295 584 321 290 851 862 469 356 705 739 411 367 395 738 387 398 385 828 720 351 709 501 473 728 421 437 420 420 596 417 761 424 618 678 462 480 503 536 660 526 537 632 534 541 782 777 820 570 604 901 627 838 617 843 631 656 842 803 798 867 754 854 686 789 891 865 755 709 883 807 748 786 811 830 753 951 841 807 824 791 951 825 952 939 862 841 862 889 990 892 887 995 971 973 957 1039 952 935 1001 934 965 1047 1010 987 943 1025 1033 1008 1026 1051 1030 1041 1013 1102
 487 429 460 279 494 166 234 102 436 440 140 452 78 135 521 0 183 311 534 283 296 369 104 255 134 253 415 350 374 480 457 471 325 440 469 153 409 458 432 448 460 474 453 468 376 462 441 461 474 483 434 463 462 467 475 458 360 452 155 335 443 166 250 381 352 436 449 414 307 378 191 269 455 312 275 244 406 295 406 251 410 236 403 447 385 398 296 399 304 325 371 433 415 345 432 431 451 405 348 517 348 376 424 380 490 482 514 515 398 563 419 570 422 441 588 584 600 560 506 664 644 555 729 739 549 549 560 730 686 606 666 600 722 610 710 703 640 649 658 659 680 665 770 689 683 688 721 775 698 709 753 724 725 721 779 736 744 800 801 860 781 826 789 790 822 873 850 857 840 883 898 865 868 868 872 880 896 906 883 915 915 906 911 918 950 917 934 952 957 958 964 973 988 982
 605 419 369 286 331 282 143 219 258 262 73 269 107 50 338 183 0 130 352 464 117 189 107 87 90 86 234 174 196 300 278 291 154 263 291 314 233 281 255 272 283 297 277 291 205 286 266 286 298 307 260 288 287 291 300 284 195 278 295 178 273 300 411 220 523 270 281 251 173 226 191 168 291 196 190 199 261 205 271 242 274 303 278 307 535 547 264 288 412 442 289 322 318 451 330 333 344 531 442 389 436 338 360 463 391 390 409 410 402 448 501 456 428 470 482 485 505 487 502 562 550 522 614 624 585 583 610 626 605 675 598 642 635 650 632 635 668 657 660 691 656 688 694 677 716 708 684 705 722 697 703 699 709 714 724 774 733 758 765 793 802 782 808 803 793 820 812 827 855 845 853 873 866 866 863 900 876 877 887 882 893 920 909 905 909 918 932 934 944 955 951 961 960 990
 722 487 384 377 265 408 216 347 165 167 197 156 236 180 217 311 130 0 225 587 16 59 220 65 193 69 104 47 67 170 148 161 46 133 161 429 105 151 127 142 154 167 148 162 86 157 138 157 169 177 133 159 158 163 171 156 87 151 402 90 149 404 521 114 636 149 159 137 124 130 255 164 173 160 190 230 169 194 188 283 192 375 206 216 636 647 283 231 494 527 260 259 269 529 273 280 281 617 514 301 505 336 333 527 328 335 341 341 421 367 563 375 446 500 408 416 439 440 506 486 481 503 526 535 612 608 644 546 543 719 548 669 568 676 571 583 684 660 659 708 637 701 632 664 734 717 654 648 733 683 662 675 692 704 677 794 720 720 731 737 808 742 812 804 764 773 776 796 856 808 811 868 853 854 845 903 851 845 879 848 867 918 895 883 868 907 919 910 923 940 929 939 927 982
 906 609 445 540 226 614 388 560 151 146 411 101 459 401 45 534 352 225 0 812 240 168 445 287 417 290 126 193 170 73 94 81 225 115 92 652 147 105 128 113 107 97 115 103 186 109 128 112 102 97 137 113 114 111 106 121 211 127 624 242 147 624 743 208 859 165 157 188 293 232 464 350 172 321 371 423 245 365 270 475 271 579 298 261 851 861 457 333 701 734 391 340 370 732 360 372 356 823 713 316 701 481 449 718 389 407 387 386 578 380 750 387 599 660 424 443 466 503 637 486 498 603 491 498 761 756 800 528 566 883 591 816 577 821 593 619 818 776 770 842 723 828 646 759 867 839 721 670 857 776 712 753 779 800 716 926 809 770 788 751 922 788 924 910 827 802 825 853 960 855 849 963 938 940 923 1009 916 898 968 896 929 1016 976 952 904 992 999 972 991 1017 995 1006 976 1069
 467 609 703 481 773 309 503 307 719 723 421 733 361 417 801 283 464 587 812 0 572 645 367 526 396 523 689 622 646 753 729 744 593 711 740 170 678 728 701 718 729 743 721 737 642 731 708 729 743 751 701 730 730 734 743 725 622 718 212 594 707 219 125 639 110 697 709 672 555 630 387 503 712 546 497 447 650 514 642 420 645 327 630 681 206 217 467 614 275 265 565 643 615 297 636 630 655 284 322 735 335 526 590 362 683 668 709 710 493 764 385 769 506 487 777 765 774 714 583 842 813 662 917 927 558 562 546 905 837 550 802 591 877 602 856 836 646 685 700 657 756 673 908 749 675 699 810 903 702 765 856 798 785 768 889 712 795 890 883 977 780 916 790 799 890 971 929 925 841 960 983 876 895 894 909 871 946 969 899 983 965 904 935 958 1027 934 954 995 991 979 1000 1006 1043 983
 713 485 388 371 277 396 211 335 179 181 185 171 222 166 233 296 117 16 240 572 0 73 205 49 177 53 119 57 79 184 161 175 47 146 174 413 117 164 139 155 166 180 160 175 93 170 149 169 181 190 144 171 170 175 183 168 90 162 386 88 159 388 505 117 621 158 168 143 116 131 240 152 181 151 178 217 170 184 188 270 191 360 204 217 620 631 270 226 479 512 253 256 264 514 269 276 279 602 500 302 491 326 326 513 326 332 339 340 410 368 549 376 435 488 407 415 437 436 497 486 480 496 528 538 600 597 632 547 541 706 544 658 567 665 569 580 674 650 650 698 630 691 631 657 723 707 648 646 723 676 658 669 685 696 674 783 712 715 726 734 799 738 803 795 758 769 771 790 847 804 807 860 846 847 838 894 845 840 871 843 861 910 888 877 864 900 912 904 917 933 922 933 922 974
 774 523 400 422 247 464 261 405 139 139 254 113 295 239 165 369 189 59 168 645 73 0 277 119 249 122 46 30 20 111 89 103 63 76 103 484 54 94 72 86 97 110 92 105 56 101 84 101 113 120 82 104 103 107 115 102 74 98 456 96 101 457 576 93 691 107 114 104 145 117 301 197 131 180 221 268 152 220 176 321 179 420 199 194 687 697 313 230 541 574 272 252 270 574 269 278 274 663 557 276 547 355 342 567 319 329 327 327 447 345 601 353 471 528 388 399 423 434 523 464 463 510 496 505 636 632 671 520 528 749 538 693 550 699 556 572 704 673 671 728 641 718 616 671 753 733 652 634 750 690 656 677 697 711 668 814 725 714 727 721 822 735 825 815 762 762 770 793 867 802 803 877 859 860 848 915 851 841 885 843 866 928 900 884 859 913 923 909 924 944 929 940 923 989
 582 467 454 320 438 253 218 184 364 368 111 371 67 77 436 104 107 220 445 367 205 277 0 159 30 156 321 255 279 386 362 376 227 344 373 210 312 361 335 352 363 377 355 371 277 365 343 364 377 386 335 365 364 369 378 360 259 353 188 233 343 193 305 279 418 335 348 312 204 275 115 167 353 209 176 154 302 195 302 176 306 207 300 343 428 440 214 297 309 337 275 332 316 348 333 333 351 425 342 414 338 294 334 367 392 386 415 416 336 462 405 469 362 394 489 487 504 470 443 567 548 480 629 639 508 507 527 632 594 586 578 563 629 572 620 616 595 594 600 616 610 618 680 624 642 639 645 687 651 644 672 654 658 659 697 698 681 723 727 774 734 748 740 738 750 792 775 785 790 808 820 811 809 810 810 833 829 835 827 843 847 855 853 854 874 860 876 887 893 899 901 910 918 928
 692 490 411 365 321 369 211 305 227 229 160 220 186 133 281 255 87 65 287 526 49 119 159 0 130 4 162 96 120 227 203 217 70 186 214 366 154 203 177 193 205 219 197 213 121 207 185 206 219 228 179 208 207 211 220 203 108 197 338 91 189 340 457 133 573 184 196 165 95 139 192 114 205 126 140 172 175 150 186 224 190 312 197 222 571 582 230 212 430 463 226 245 246 466 255 260 267 553 452 305 443 292 300 466 315 317 331 332 371 366 502 374 396 447 403 408 429 418 462 482 473 468 531 541 560 557 590 545 531 663 529 618 559 625 558 565 636 617 617 660 603 654 620 628 686 672 625 633 687 647 639 644 657 666 657 745 684 695 704 722 765 719 769 762 735 753 750 768 815 783 789 829 817 818 811 861 821 818 841 822 837 878 860 851 845 870 883 879 891 905 897 908 901 944
 607 475 450 331 420 278 216 208 341 344 113 345 85 74 409 134 90 193 417 396 177 249 30 130 0 127 293 226 250 357 333 347 197 315 344 236 282 332 305 322 333 347 326 341 247 335 313 334 347 356 306 335 334 339 348 330 229 323 211 203 313 215 330 249 444 305 317 282 174 245 109 140 323 181 151 136 272 170 273 167 277 214 272 314 449 461 200 271 323 353 252 305 291 361 308 308 325 442 353 386 347 279 315 375 367 362 390 391 329 436 413 443 355 391 464 463 480 449 434 542 525 466 603 613 506 505 528 608 573 590 558 562 607 571 598 596 592 587 592 614 597 613 659 614 639 634 631 667 647 634 656 641 647 649 679 696 670 707 712 754 729 732 735 732 737 775 760 772 784 793 804 804 800 800 799 828 817 822 819 829 835 849 843 843 859 851 867 875 883 890 890 899 904 921
 691 491 413 366 324 368 212 303 231 233 159 224 183 132 285 253 86 69 290 523 53 122 156 4 127 0 166 99 123 230 206 220 72 188 217 362 156 206 179 196 208 222 200 216 124 210 188 209 222 231 181 210 210 214 223 206 110 199 334 92 192 336 453 135 569 186 198 166 93 139 188 111 207 123 137 169 175 147 186 220 190 308 196 222 567 578 226 211 426 459 224 244 245 462 253 259 266 549 448 305 439 289 297 462 313 316 330 331 367 366 498 373 393 443 402 406 427 417 459 482 472 466 530 540 557 554 586 544 529 659 527 614 558 621 557 563 633 613 614 657 600 651 619 625 682 668 623 632 684 644 637 641 654 663 655 742 681 693 702 720 761 716 766 759 733 751 748 766 811 781 787 826 814 815 809 858 818 815 838 820 835 875 857 849 843 868 881 877 888 903 895 905 898 941
 817 555 421 461 245 509 301 450 137 135 300 95 341 284 130 415 234 104 126 689 119 46 321 162 293 166 0 67 44 66 44 57 99 35 58 527 33 51 37 45 55 67 52 63 66 60 49 61 70 77 51 64 64 67 73 64 91 62 498 120 72 498 617 98 733 85 88 93 171 124 338 228 107 204 250 300 151 246 177 353 179 455 203 185 726 736 339 237 576 610 286 254 277 608 272 283 274 699 590 262 579 374 353 598 316 329 321 321 468 332 631 339 491 550 375 389 413 432 538 448 452 517 474 482 656 651 692 502 518 773 532 712 537 718 546 564 719 685 681 744 645 732 604 677 769 745 652 624 763 696 652 680 701 718 662 829 730 711 725 710 833 731 836 824 761 754 767 791 876 798 797 883 863 864 851 924 851 838 891 839 865 935 903 885 853 917 927 908 924 946 929 940 919 993
 769 530 417 423 274 454 262 393 168 167 243 143 278 223 193 350 174 47 193 622 57 30 255 96 226 99 67 0 24 131 107 121 33 90 119 460 59 108 82 98 110 124 103 118 40 113 92 112 125 133 87 114 113 118 126 110 49 105 431 68 102 431 550 73 666 102 112 92 115 95 273 167 127 150 191 238 132 190 154 292 157 391 176 177 659 670 283 204 512 545 244 229 244 545 245 254 251 635 528 261 517 326 315 537 297 306 307 307 417 329 571 337 441 498 370 381 404 411 495 448 445 483 484 493 607 603 641 506 509 719 517 664 532 670 537 551 675 646 643 699 615 690 597 645 725 704 628 615 721 664 634 652 671 685 647 785 699 692 704 702 795 713 798 788 738 741 748 769 840 780 781 850 833 834 823 888 827 818 859 820 842 901 874 860 838 887 898 885 899 918 905 915 900 963
 787 541 420 438 265 474 276 414 157 156 264 126 301 245 172 374 196 67 170 646 79 20 279 120 250 123 44 24 0 107 83 98 55 67 96 484 39 85 60 76 87 101 81 96 37 91 71 90 103 111 67 92 92 96 104 90 56 84 454 82 84 455 574 74 690 89 97 84 132 98 295 186 113 166 210 259 132 207 157 312 159 412 181 174 682 692 300 211 534 567 255 233 252 566 250 260 255 656 549 257 538 340 325 557 299 310 307 308 432 325 591 333 456 514 368 379 403 415 507 444 444 492 476 486 622 617 657 501 508 736 518 678 530 684 536 552 688 656 653 712 622 702 596 653 738 716 633 615 733 672 636 659 678 694 648 798 707 695 708 702 805 716 808 798 743 742 751 774 850 783 783 859 840 842 830 898 832 822 867 823 847 910 881 865 840 894 905 890 905 925 910 921 903 970
 878 604 456 518 257 574 360 516 158 154 365 104 407 350 97 480 300 170 73 753 184 111 386 227 357 230 66 131 107 0 24 10 160 44 19 590 77 32 56 40 35 27 42 31 117 37 55 40 34 32 64 42 43 41 38 49 140 55 559 172 75 559 679 136 795 93 87 115 222 159 395 280 103 249 299 352 173 293 199 404 199 509 226 193 784 793 384 261 631 665 319 271 299 661 290 302 288 753 641 256 630 409 378 646 324 340 323 323 505 323 678 330 527 588 367 385 408 439 565 435 443 535 449 457 689 684 728 482 511 811 532 744 525 749 538 561 747 707 701 771 657 758 594 692 796 769 659 616 787 710 652 689 713 733 659 856 743 711 728 700 854 730 855 842 766 748 767 793 893 797 793 898 874 875 860 942 855 840 903 839 868 950 913 891 849 928 936 912 930 954 934 945 918 1005
 860 591 449 502 258 553 343 494 155 151 343 103 384 328 112 457 278 148 94 729 161 89 362 203 333 206 44 107 83 24 0 14 136 21 16 566 53 17 34 21 22 26 26 25 93 27 36 30 32 37 45 32 33 34 36 38 117 41 535 148 60 535 655 115 771 78 74 97 199 138 372 257 92 227 277 330 156 271 182 381 183 486 209 181 760 770 363 244 608 641 300 256 283 638 275 287 274 730 619 249 607 390 361 624 312 327 313 313 486 317 656 325 507 568 361 377 401 428 548 431 438 520 450 458 671 666 709 481 505 791 523 726 521 731 532 554 730 692 686 755 645 742 589 679 779 753 648 611 771 697 644 678 701 720 651 839 731 703 719 695 839 722 841 828 756 742 759 784 880 789 786 885 862 864 849 928 846 831 891 831 859 937 901 881 842 916 925 902 920 944 924 935 910 993
 871 599 454 512 258 566 354 508 157 153 357 104 398 341 103 471 291 161 81 744 175 103 376 217 347 220 57 121 98 10 14 0 151 35 13 581 68 24 47 32 27 23 34 26 107 31 46 34 30 31 56 36 37 36 34 43 131 48 550 162 68 550 669 127 786 86 80 107 212 150 386 270 98 240 290 343 165 284 191 394 192 500 219 187 774 784 375 254 621 655 311 264 292 652 283 295 281 743 632 252 620 401 371 637 318 334 318 318 497 320 669 327 518 579 364 381 404 434 558 432 440 528 448 456 681 676 720 481 507 802 527 736 523 741 535 557 739 700 695 764 651 751 591 686 789 762 654 613 780 704 648 684 708 727 655 848 738 707 723 697 847 726 849 836 761 745 763 789 887 793 789 892 868 870 854 935 851 835 898 834 864 944 907 886 845 922 931 907 925 949 929 940 914 999
 756 532 430 418 301 436 258 373 196 197 225 175 255 202 226 325 154 46 225 593 47 63 227 70 197 72 99 33 55 160 136 151 0 118 147 430 85 135 108 125 136 150 128 144 52 138 116 137 150 159 109 138 138 142 151 134 43 127 399 44 120 400 519 71 635 116 127 99 85 85 240 134 138 121 159 205 123 160 142 259 145 358 160 170 627 637 251 185 479 512 218 213 224 511 227 235 235 601 495 256 484 298 291 504 282 289 295 295 387 322 539 330 411 467 361 370 392 394 467 440 435 460 481 491 577 573 611 500 497 688 501 634 522 641 525 536 647 620 618 671 593 663 586 622 697 678 609 602 694 641 617 631 649 662 631 757 677 674 686 690 769 696 772 763 719 726 730 751 815 763 765 826 810 811 802 863 807 800 836 802 822 876 852 839 822 864 876 865 879 897 884 895 882 939
 850 589 453 496 269 540 335 481 164 160 330 115 368 312 132 440 263 133 115 711 146 76 344 186 315 188 35 90 67 44 21 35 118 0 29 547 33 18 13 10 21 34 17 29 73 26 18 26 36 44 26 29 29 32 39 30 96 29 516 127 44 516 635 93 752 61 60 77 178 118 351 236 79 206 256 308 137 249 163 360 164 465 190 164 739 749 342 225 587 620 280 238 264 617 257 268 256 709 598 236 586 369 342 603 296 310 298 298 465 305 635 313 487 547 349 364 388 412 529 420 425 502 443 451 650 645 688 472 492 770 509 706 510 711 520 540 710 673 668 735 628 722 578 662 760 734 632 599 752 679 629 661 684 702 638 820 714 688 704 684 821 708 822 810 741 729 744 769 862 775 773 867 845 847 832 910 830 817 874 816 844 919 885 865 829 899 908 887 904 927 909 920 896 976
 875 607 464 517 270 567 358 508 168 164 357 115 397 341 116 469 291 161 92 740 174 103 373 214 344 217 58 119 96 19 16 13 147 29 0 576 62 13 40 23 15 12 23 13 101 18 36 21 18 21 46 23 24 23 22 30 124 36 545 155 56 544 664 118 780 74 68 96 204 140 379 263 85 231 282 335 154 274 180 386 180 492 207 175 767 777 366 242 614 647 299 252 280 643 271 283 269 735 624 239 612 390 359 628 305 321 306 305 486 307 659 314 507 569 351 368 392 421 546 420 427 516 437 445 670 665 708 469 495 791 515 725 510 730 522 545 728 688 682 752 639 739 579 674 777 750 641 601 768 691 635 671 695 715 642 836 725 694 711 685 835 713 836 824 748 732 750 776 875 780 777 879 856 857 842 923 838 823 885 822 851 931 895 873 833 910 918 894 912 937 916 928 902 987
 534 563 612 417 640 266 386 226 572 576 288 580 223 272 645 153 314 429 652 170 413 484 210 366 236 362 527 460 484 590 566 581 430 547 576 0 514 564 537 554 565 579 557 572 477 566 544 564 578 586 535 565 565 569 578 560 456 552 46 427 540 57 98 472 209 529 541 504 386 461 217 333 544 376 327 277 480 344 472 252 475 173 460 511 233 245 301 444 178 190 397 474 447 216 467 462 487 259 228 565 234 366 428 267 517 503 542 544 349 597 301 602 367 364 612 602 612 556 450 680 653 519 753 763 457 459 458 744 682 488 651 501 721 512 703 686 549 574 586 565 627 576 758 627 587 601 677 756 608 646 718 671 664 653 748 634 679 757 754 835 690 784 699 704 767 836 802 802 751 834 853 781 792 791 801 787 832 850 801 861 851 816 834 849 901 836 855 885 885 880 894 901 928 894
 826 576 448 476 278 513 314 452 170 168 302 128 338 283 158 409 233 105 147 678 117 54 312 154 282 156 33 59 39 77 53 68 85 33 62 514 0 50 23 40 51 65 44 59 40 54 33 53 66 74 28 54 54 58 67 51 64 46 483 95 47 482 602 66 718 55 61 60 146 92 318 204 79 176 224 276 117 219 144 328 146 433 170 152 706 716 312 204 554 588 255 220 243 585 239 249 240 676 566 231 555 343 320 572 282 295 288 288 438 300 605 308 460 520 344 357 381 399 506 418 420 484 446 455 625 620 662 472 486 743 499 681 506 686 514 532 687 652 648 712 611 700 573 644 737 713 619 592 730 662 619 646 668 685 629 797 697 678 692 679 800 698 803 791 728 721 734 758 843 765 764 850 829 831 818 891 817 805 857 806 831 902 870 852 820 883 893 875 891 913 896 907 886 960
 868 604 464 512 275 558 352 498 171 168 348 120 386 330 127 458 281 151 105 728 164 94 361 203 332 206 51 108 85 32 17 24 135 18 13 564 50 0 27 10 5 16 11 12 88 11 23 13 19 27 33 16 16 18 22 21 110 25 532 142 44 531 651 104 767 62 58 83 191 127 366 249 76 218 268 322 142 261 168 373 168 479 195 164 754 764 353 230 600 634 287 241 268 630 260 272 258 722 610 232 598 377 347 615 296 311 297 297 473 300 646 308 495 556 345 361 384 412 534 414 421 505 433 442 657 652 696 464 488 779 507 713 504 718 515 537 716 677 671 740 629 727 573 663 765 739 632 594 757 681 627 662 685 704 635 825 715 686 702 678 824 705 826 813 739 725 742 768 864 772 769 869 846 848 832 912 829 814 875 814 843 921 885 864 825 900 909 886 903 927 908 919 894 977
 846 590 457 494 278 534 333 474 171 168 324 124 360 305 144 432 255 127 128 701 139 72 335 177 305 179 37 82 60 56 34 47 108 13 40 537 23 27 0 17 28 42 21 36 61 31 12 30 43 51 15 32 32 36 44 30 84 26 505 115 36 504 624 81 741 51 52 65 165 105 339 223 71 193 243 296 125 237 151 347 152 453 178 154 728 737 329 213 574 608 267 226 252 604 245 256 245 696 585 228 573 356 330 590 285 299 289 288 452 297 622 305 474 535 341 355 379 402 516 413 417 491 437 446 638 633 675 466 484 757 500 693 502 699 511 531 698 661 656 723 617 710 570 650 747 722 622 590 740 668 620 651 673 691 629 807 703 679 694 676 809 699 811 799 731 720 735 759 850 766 764 856 835 836 822 898 820 807 863 807 834 908 874 855 820 888 898 877 894 917 899 910 887 965
 860 599 462 505 276 549 345 490 171 168 339 121 377 321 133 448 272 142 113 718 155 86 352 193 322 196 45 98 76 40 21 32 125 10 23 554 40 10 17 0 12 26 8 20 78 16 15 16 27 35 24 19 19 22 29 21 101 22 522 132 39 522 641 95 758 57 54 76 182 119 356 240 73 209 259 312 135 252 161 363 162 469 189 160 744 754 344 223 591 625 279 235 262 621 254 266 253 713 601 230 589 369 341 606 292 307 293 293 465 299 637 306 487 548 343 358 382 408 528 413 419 500 434 443 650 645 688 465 486 771 504 706 503 711 514 535 709 671 665 734 624 721 571 658 758 733 628 592 751 676 624 657 681 699 632 818 710 683 699 677 818 703 820 808 736 723 739 764 859 770 767 864 842 843 828 907 826 811 871 811 839 916 881 861 823 895 904 882 900 923 904 915 891 972
 871 609 470 516 280 561 356 501 177 173 351 125 388 333 131 460 283 154 107 729 166 97 363 205 333 208 55 110 87 35 22 27 136 21 15 565 51 5 28 12 0 14 8 8 88 5 22 8 15 23 31 10 11 12 18 16 110 21 532 141 40 532 651 103 768 59 53 81 190 125 366 249 71 217 267 321 138 260 164 372 165 478 192 160 754 763 351 227 599 633 284 237 265 629 256 268 254 721 609 227 597 374 344 613 291 307 292 292 471 295 644 303 492 553 339 356 379 407 531 409 416 501 428 436 654 649 693 459 483 776 502 710 499 715 510 532 712 673 667 737 624 724 567 659 762 735 627 589 753 677 622 657 681 700 630 821 711 681 697 673 820 700 822 809 735 720 737 763 860 767 764 865 842 843 828 908 824 810 871 809 838 917 881 860 820 895 904 881 899 923 903 914 889 972
 884 618 475 527 281 574 367 515 180 176 364 127 402 347 124 474 297 167 97 743 180 110 377 219 347 222 67 124 101 27 26 23 150 34 12 579 65 16 42 26 14 0 22 6 102 13 36 16 6 11 45 16 17 14 11 24 124 31 547 155 50 546 665 116 782 68 60 91 204 137 380 262 76 229 280 334 148 272 173 385 174 492 201 166 767 777 363 236 613 647 294 244 273 642 264 275 261 734 622 229 610 384 352 625 297 313 296 296 481 297 657 304 502 564 341 358 381 412 540 409 417 508 425 433 664 659 703 458 484 786 505 719 499 724 511 534 721 680 674 746 630 732 568 665 770 743 631 590 761 683 625 662 686 706 632 829 716 684 701 674 827 703 828 815 738 721 740 766 866 770 766 870 847 848 832 915 828 813 876 812 841 923 886 864 822 900 909 884 902 927 907 918 891 978
 867 607 470 513 283 555 352 495 179 175 345 128 381 326 137 453 277 148 115 721 160 92 355 197 326 200 52 103 81 42 26 34 128 17 23 557 44 11 21 8 8 22 0 16 80 10 13 9 22 30 23 12 11 15 23 13 102 15 524 133 34 524 643 94 760 52 48 73 182 117 357 240 66 208 259 312 131 251 157 363 158 470 184 154 745 755 343 219 591 625 276 230 258 621 250 261 248 713 601 223 589 366 336 605 286 301 287 287 463 291 636 299 484 545 336 351 375 402 524 406 412 495 427 435 647 642 685 457 479 768 497 702 496 707 507 528 705 666 661 730 619 717 564 653 754 728 622 585 746 671 618 651 675 694 625 814 705 677 692 670 813 696 815 802 730 716 732 758 854 763 760 859 836 837 822 902 819 805 865 804 833 911 875 855 816 890 899 876 893 917 898 909 884 967
 879 615 474 523 282 569 363 509 180 176 359 128 396 341 129 468 291 162 103 737 175 105 371 213 341 216 63 118 96 31 25 26 144 29 13 572 59 12 36 20 8 6 16 0 96 7 29 9 7 15 38 11 12 10 11 18 118 25 540 149 44 539 659 109 776 62 56 85 197 131 373 255 72 223 274 328 142 266 168 378 168 485 195 162 761 771 357 230 606 640 288 239 268 636 259 271 256 728 616 226 603 379 347 619 293 309 293 292 475 294 650 301 496 558 338 355 379 408 534 407 414 503 425 433 658 653 697 456 482 781 502 714 497 718 509 532 716 676 670 740 626 727 566 661 765 738 628 588 756 678 622 658 682 702 629 824 712 681 698 672 822 700 824 811 735 719 737 763 862 767 764 866 843 844 829 910 825 810 872 809 838 919 882 860 820 897 905 881 899 924 903 915 888 974
 805 570 455 462 301 487 301 424 193 192 276 158 307 253 196 376 205 86 186 642 93 56 277 121 247 124 66 40 37 117 93 107 52 73 101 477 40 88 61 78 88 102 80 96 0 89 67 88 101 110 59 89 88 93 102 84 25 76 444 56 68 444 563 37 680 65 76 52 106 62 279 164 88 137 185 237 96 180 120 289 123 393 144 138 667 677 273 175 514 548 221 197 216 545 213 223 218 637 527 222 515 308 289 533 262 273 271 271 402 290 566 298 425 484 332 343 367 378 473 409 408 456 444 453 590 585 626 467 472 706 482 646 495 652 500 515 654 622 618 679 586 668 560 617 704 682 597 578 699 636 600 622 642 658 612 764 671 658 671 666 770 679 773 762 706 706 714 737 814 746 747 823 804 805 793 862 795 785 831 787 810 874 845 829 803 858 868 853 868 889 873 884 866 934
 876 614 475 521 285 565 361 505 182 178 354 130 391 336 134 462 286 157 109 731 170 101 365 207 335 210 60 113 91 37 27 31 138 26 18 566 54 11 31 16 5 13 10 7 89 0 23 3 12 21 31 5 6 7 14 12 111 18 534 142 38 533 652 102 769 56 50 79 190 124 366 249 67 216 267 321 136 259 161 371 162 478 189 156 754 764 350 224 599 633 282 233 262 629 253 264 250 721 609 222 596 372 341 612 287 303 288 287 469 290 643 298 490 551 335 351 374 403 528 404 411 497 423 431 652 647 691 454 478 774 497 707 494 712 505 527 709 669 664 734 620 720 562 655 758 732 623 584 750 673 618 653 677 696 625 818 707 677 693 668 817 696 818 805 730 715 732 758 856 763 759 861 838 839 824 904 820 805 867 804 833 913 877 855 816 891 900 876 894 918 898 910 884 968
 858 603 469 506 288 545 345 485 181 178 335 133 370 315 148 441 266 138 128 708 149 84 343 185 313 188 49 92 71 55 36 46 116 18 36 544 33 23 12 15 22 36 13 29 67 23 0 21 34 43 10 22 21 26 35 18 89 14 511 120 26 510 630 81 747 43 41 61 168 104 344 227 61 195 246 299 120 238 146 350 147 456 174 146 732 742 330 209 578 612 264 221 247 607 240 251 239 699 587 218 575 354 326 592 278 292 280 280 451 287 623 294 472 533 331 346 370 394 513 403 407 485 426 434 635 630 673 455 474 756 491 691 492 696 502 522 694 656 651 719 610 706 560 644 744 718 614 580 736 662 611 643 666 685 620 803 696 670 686 666 804 690 805 793 723 711 726 751 844 757 754 850 828 829 814 893 812 798 856 798 826 902 867 847 811 881 891 869 886 910 891 902 878 958
 876 615 477 521 288 564 361 504 184 180 354 133 390 335 137 461 286 157 112 729 169 101 364 206 334 209 61 112 90 40 30 34 137 26 21 564 53 13 30 16 8 16 9 9 88 3 21 0 13 22 29 3 3 6 14 9 109 16 532 140 35 531 651 100 767 53 47 76 188 121 364 246 64 214 265 319 133 257 159 369 159 476 186 153 752 762 347 221 597 631 279 231 259 626 250 262 248 719 606 219 594 369 338 610 284 300 285 285 466 288 641 295 487 549 332 348 372 401 525 401 408 495 421 429 649 644 688 452 475 771 495 704 491 709 503 525 707 667 661 731 618 718 560 653 756 729 620 581 747 670 615 650 674 693 622 815 704 674 690 666 814 693 815 802 728 713 730 756 853 760 757 858 835 836 821 902 817 802 864 802 831 910 874 853 813 889 897 874 891 916 896 907 881 966
 887 622 481 531 288 576 371 516 186 182 366 133 403 348 131 474 298 169 102 743 181 113 377 219 347 222 70 125 103 34 32 30 150 36 18 578 66 19 43 27 15 6 22 7 101 12 34 13 0 9 43 13 14 10 4 20 123 27 545 153 45 544 664 113 781 63 55 87 201 133 377 259 70 226 277 331 143 269 168 382 168 489 195 160 765 775 359 231 610 644 289 239 268 639 258 270 255 731 619 223 606 380 347 622 290 307 290 289 477 290 653 297 497 559 334 351 375 406 534 402 410 502 419 427 659 654 698 451 478 782 498 714 493 719 505 528 715 675 669 740 624 726 561 659 764 737 625 583 755 676 619 656 680 700 625 824 710 678 694 667 821 696 823 809 732 715 733 760 860 763 760 864 841 842 826 909 822 806 870 805 835 917 879 857 816 894 903 878 896 921 900 912 885 971
 894 628 485 538 289 584 378 525 189 184 374 135 412 356 128 483 307 177 97 751 190 120 386 228 356 231 77 133 111 32 37 31 159 44 21 586 74 27 51 35 23 11 30 15 110 21 43 22 9 0 51 21 22 18 9 28 131 35 554 162 52 553 673 121 789 70 61 94 209 141 386 268 75 234 285 339 149 277 174 389 174 497 201 164 773 783 367 236 618 652 296 243 273 647 263 275 259 739 626 224 614 386 352 629 294 310 292 292 483 291 660 298 504 566 335 353 376 409 540 402 411 506 417 425 665 659 704 450 478 788 500 720 493 724 506 529 720 679 673 745 627 731 562 663 769 742 628 584 760 680 621 659 683 703 627 829 713 679 696 667 825 698 827 813 734 716 735 762 864 765 761 868 843 845 829 912 824 808 873 807 837 920 882 860 817 897 905 880 898 923 902 914 886 974
 855 603 472 504 293 541 343 479 187 184 330 139 364 309 157 434 260 133 137 701 144 82 335 179 306 181 51 87 67 64 45 56 109 26 46 535 28 33 15 24 31 45 23 38 59 31 10 29 43 51 0 30 29 34 43 25 80 18 503 111 21 502 621 72 738 36 37 52 159 94 335 217 56 185 236 290 111 229 138 340 139 447 165 139 723 733 320 200 568 602 255 212 239 598 231 243 231 690 578 212 566 345 317 582 270 285 273 273 441 282 614 289 463 524 325 340 364 387 504 398 402 477 422 431 626 621 664 451 468 747 484 681 487 687 496 516 685 647 642 710 602 697 554 636 735 709 607 575 727 654 605 636 659 677 613 794 688 663 679 660 795 683 797 785 715 705 719 744 836 750 748 842 820 821 807 884 805 792 849 792 819 894 859 840 805 874 883 862 879 902 884 895 871 951
 878 618 480 524 290 567 364 506 187 183 356 135 392 337 139 463 288 159 113 730 171 104 365 208 335 210 64 114 92 42 32 36 138 29 23 565 54 16 32 19 10 16 12 11 89 5 22 3 13 21 30 0 1 4 13 8 110 15 533 140 34 532 651 100 768 52 45 75 188 121 365 247 62 213 265 319 132 256 157 369 158 476 185 152 752 762 347 220 597 631 278 229 258 626 248 260 246 719 606 217 594 368 336 609 282 298 283 282 465 285 640 293 486 548 329 346 369 398 524 399 406 493 418 426 648 643 687 449 473 770 492 703 489 708 500 522 705 665 659 730 616 716 557 651 754 727 618 579 745 668 613 648 672 691 620 814 702 672 688 663 812 691 813 801 725 710 727 753 851 758 754 856 833 834 819 900 815 800 862 799 828 908 872 850 811 886 895 871 889 914 894 905 879 964
